solid AssimpScene
 facet normal 0.866025 0 0.500001
  outer loop
  vertex 4.89023 -85.1732 36.9791
  vertex 5.3607 -84.1693 36.1642
  vertex 4.89023 -84.1693 36.9791
  endloop
 endfacet

 facet normal 0.866025 0 0.500001
  outer loop
  vertex 5.3607 -84.1693 36.1642
  vertex 4.89023 -85.1732 36.9791
  vertex 5.3607 -85.1732 36.1642
  endloop
 endfacet

 facet normal -0.866025 0 -0.500001
  outer loop
  vertex 5.3607 -85.1732 36.1642
  vertex 4.89023 -85.1732 36.9791
  vertex 5.3607 -84.1693 36.1642
  endloop
 endfacet

 facet normal -0.866025 0 -0.500001
  outer loop
  vertex 4.89023 -84.1693 36.9791
  vertex 5.3607 -84.1693 36.1642
  vertex 4.89023 -85.1732 36.9791
  endloop
 endfacet

 facet normal 0 -1 0
  outer loop
  vertex 5.3607 -85.1732 36.1642
  vertex 3.94928 -85.1732 35.3493
  vertex 4.89023 -85.1732 35.3493
  endloop
 endfacet

 facet normal 0 -1 0
  outer loop
  vertex 3.94928 -85.1732 35.3493
  vertex 5.3607 -85.1732 36.1642
  vertex 3.47881 -85.1732 36.1642
  endloop
 endfacet

 facet normal 0 -1 0
  outer loop
  vertex 3.47881 -85.1732 36.1642
  vertex 5.3607 -85.1732 36.1642
  vertex 4.89023 -85.1732 36.9791
  endloop
 endfacet

 facet normal 0 -1 0
  outer loop
  vertex 3.47881 -85.1732 36.1642
  vertex 4.89023 -85.1732 36.9791
  vertex 3.94928 -85.1732 36.9791
  endloop
 endfacet

 facet normal 0 1 0
  outer loop
  vertex 3.94928 -85.1732 36.9791
  vertex 4.89023 -85.1732 36.9791
  vertex 3.47881 -85.1732 36.1642
  endloop
 endfacet

 facet normal 0 1 0
  outer loop
  vertex 4.89023 -85.1732 36.9791
  vertex 5.3607 -85.1732 36.1642
  vertex 3.47881 -85.1732 36.1642
  endloop
 endfacet

 facet normal 0 1 0
  outer loop
  vertex 3.47881 -85.1732 36.1642
  vertex 5.3607 -85.1732 36.1642
  vertex 3.94928 -85.1732 35.3493
  endloop
 endfacet

 facet normal 0 1 0
  outer loop
  vertex 4.89023 -85.1732 35.3493
  vertex 3.94928 -85.1732 35.3493
  vertex 5.3607 -85.1732 36.1642
  endloop
 endfacet

 facet normal 0.866024 0 -0.500002
  outer loop
  vertex 5.3607 -85.1732 36.1642
  vertex 4.89023 -84.1693 35.3493
  vertex 5.3607 -84.1693 36.1642
  endloop
 endfacet

 facet normal 0.866024 0 -0.500002
  outer loop
  vertex 4.89023 -84.1693 35.3493
  vertex 5.3607 -85.1732 36.1642
  vertex 4.89023 -85.1732 35.3493
  endloop
 endfacet

 facet normal -0.866024 0 0.500002
  outer loop
  vertex 4.89023 -85.1732 35.3493
  vertex 5.3607 -85.1732 36.1642
  vertex 4.89023 -84.1693 35.3493
  endloop
 endfacet

 facet normal -0.866024 0 0.500002
  outer loop
  vertex 5.3607 -84.1693 36.1642
  vertex 4.89023 -84.1693 35.3493
  vertex 5.3607 -85.1732 36.1642
  endloop
 endfacet

 facet normal 0 1 0
  outer loop
  vertex 3.94928 -84.1693 35.3493
  vertex 5.3607 -84.1693 36.1642
  vertex 4.89023 -84.1693 35.3493
  endloop
 endfacet

 facet normal 0 1 0
  outer loop
  vertex 5.3607 -84.1693 36.1642
  vertex 3.94928 -84.1693 35.3493
  vertex 3.47881 -84.1693 36.1642
  endloop
 endfacet

 facet normal 0 1 0
  outer loop
  vertex 5.3607 -84.1693 36.1642
  vertex 3.47881 -84.1693 36.1642
  vertex 3.94928 -84.1693 36.9791
  endloop
 endfacet

 facet normal 0 1 0
  outer loop
  vertex 5.3607 -84.1693 36.1642
  vertex 3.94928 -84.1693 36.9791
  vertex 4.89023 -84.1693 36.9791
  endloop
 endfacet

 facet normal 0 -1 0
  outer loop
  vertex 4.89023 -84.1693 36.9791
  vertex 3.94928 -84.1693 36.9791
  vertex 5.3607 -84.1693 36.1642
  endloop
 endfacet

 facet normal 0 -1 0
  outer loop
  vertex 3.94928 -84.1693 36.9791
  vertex 3.47881 -84.1693 36.1642
  vertex 5.3607 -84.1693 36.1642
  endloop
 endfacet

 facet normal 0 -1 0
  outer loop
  vertex 3.47881 -84.1693 36.1642
  vertex 3.94928 -84.1693 35.3493
  vertex 5.3607 -84.1693 36.1642
  endloop
 endfacet

 facet normal 0 -1 0
  outer loop
  vertex 4.89023 -84.1693 35.3493
  vertex 5.3607 -84.1693 36.1642
  vertex 3.94928 -84.1693 35.3493
  endloop
 endfacet

 facet normal 0 0 1
  outer loop
  vertex 3.94928 -84.1693 36.9791
  vertex 4.89023 -85.1732 36.9791
  vertex 4.89023 -84.1693 36.9791
  endloop
 endfacet

 facet normal 0 0 1
  outer loop
  vertex 4.89023 -85.1732 36.9791
  vertex 3.94928 -84.1693 36.9791
  vertex 3.94928 -85.1732 36.9791
  endloop
 endfacet

 facet normal 0 0 -1
  outer loop
  vertex 3.94928 -85.1732 36.9791
  vertex 3.94928 -84.1693 36.9791
  vertex 4.89023 -85.1732 36.9791
  endloop
 endfacet

 facet normal 0 0 -1
  outer loop
  vertex 4.89023 -84.1693 36.9791
  vertex 4.89023 -85.1732 36.9791
  vertex 3.94928 -84.1693 36.9791
  endloop
 endfacet

 facet normal -0.866025 0 0.500001
  outer loop
  vertex 3.47881 -85.1732 36.1642
  vertex 3.94928 -84.1693 36.9791
  vertex 3.47881 -84.1693 36.1642
  endloop
 endfacet

 facet normal -0.866025 0 0.500001
  outer loop
  vertex 3.94928 -84.1693 36.9791
  vertex 3.47881 -85.1732 36.1642
  vertex 3.94928 -85.1732 36.9791
  endloop
 endfacet

 facet normal 0.866025 0 -0.500001
  outer loop
  vertex 3.94928 -85.1732 36.9791
  vertex 3.47881 -85.1732 36.1642
  vertex 3.94928 -84.1693 36.9791
  endloop
 endfacet

 facet normal 0.866025 0 -0.500001
  outer loop
  vertex 3.47881 -84.1693 36.1642
  vertex 3.94928 -84.1693 36.9791
  vertex 3.47881 -85.1732 36.1642
  endloop
 endfacet

 facet normal -0.866024 0 -0.500002
  outer loop
  vertex 3.94928 -85.1732 35.3493
  vertex 3.47881 -84.1693 36.1642
  vertex 3.94928 -84.1693 35.3493
  endloop
 endfacet

 facet normal -0.866024 0 -0.500002
  outer loop
  vertex 3.47881 -84.1693 36.1642
  vertex 3.94928 -85.1732 35.3493
  vertex 3.47881 -85.1732 36.1642
  endloop
 endfacet

 facet normal 0.866024 0 0.500002
  outer loop
  vertex 3.47881 -85.1732 36.1642
  vertex 3.94928 -85.1732 35.3493
  vertex 3.47881 -84.1693 36.1642
  endloop
 endfacet

 facet normal 0.866024 0 0.500002
  outer loop
  vertex 3.94928 -84.1693 35.3493
  vertex 3.47881 -84.1693 36.1642
  vertex 3.94928 -85.1732 35.3493
  endloop
 endfacet

 facet normal 0 0 -1
  outer loop
  vertex 3.94928 -85.1732 35.3493
  vertex 4.89023 -84.1693 35.3493
  vertex 4.89023 -85.1732 35.3493
  endloop
 endfacet

 facet normal 0 0 -1
  outer loop
  vertex 4.89023 -84.1693 35.3493
  vertex 3.94928 -85.1732 35.3493
  vertex 3.94928 -84.1693 35.3493
  endloop
 endfacet

 facet normal 0 0 1
  outer loop
  vertex 3.94928 -84.1693 35.3493
  vertex 3.94928 -85.1732 35.3493
  vertex 4.89023 -84.1693 35.3493
  endloop
 endfacet

 facet normal 0 0 1
  outer loop
  vertex 4.89023 -85.1732 35.3493
  vertex 4.89023 -84.1693 35.3493
  vertex 3.94928 -85.1732 35.3493
  endloop
 endfacet

 facet normal -0.866025 0 0.500001
  outer loop
  vertex -4.89023 -84.1693 25.7074
  vertex -5.3607 -85.1732 24.8925
  vertex -4.89023 -85.1732 25.7074
  endloop
 endfacet

 facet normal -0.866025 0 0.500001
  outer loop
  vertex -5.3607 -85.1732 24.8925
  vertex -4.89023 -84.1693 25.7074
  vertex -5.3607 -84.1693 24.8925
  endloop
 endfacet

 facet normal 0.866025 0 -0.500001
  outer loop
  vertex -5.3607 -84.1693 24.8925
  vertex -4.89023 -84.1693 25.7074
  vertex -5.3607 -85.1732 24.8925
  endloop
 endfacet

 facet normal 0.866025 0 -0.500001
  outer loop
  vertex -4.89023 -85.1732 25.7074
  vertex -5.3607 -85.1732 24.8925
  vertex -4.89023 -84.1693 25.7074
  endloop
 endfacet

 facet normal 0 1 0
  outer loop
  vertex -5.3607 -84.1693 24.8925
  vertex -3.94929 -84.1693 24.0776
  vertex -4.89023 -84.1693 24.0776
  endloop
 endfacet

 facet normal 0 1 0
  outer loop
  vertex -3.94929 -84.1693 24.0776
  vertex -5.3607 -84.1693 24.8925
  vertex -3.47881 -84.1693 24.8925
  endloop
 endfacet

 facet normal 0 1 0
  outer loop
  vertex -3.47881 -84.1693 24.8925
  vertex -5.3607 -84.1693 24.8925
  vertex -4.89023 -84.1693 25.7074
  endloop
 endfacet

 facet normal 0 1 0
  outer loop
  vertex -3.47881 -84.1693 24.8925
  vertex -4.89023 -84.1693 25.7074
  vertex -3.94929 -84.1693 25.7074
  endloop
 endfacet

 facet normal 0 -1 0
  outer loop
  vertex -3.94929 -84.1693 25.7074
  vertex -4.89023 -84.1693 25.7074
  vertex -3.47881 -84.1693 24.8925
  endloop
 endfacet

 facet normal 0 -1 0
  outer loop
  vertex -4.89023 -84.1693 25.7074
  vertex -5.3607 -84.1693 24.8925
  vertex -3.47881 -84.1693 24.8925
  endloop
 endfacet

 facet normal 0 -1 0
  outer loop
  vertex -3.47881 -84.1693 24.8925
  vertex -5.3607 -84.1693 24.8925
  vertex -3.94929 -84.1693 24.0776
  endloop
 endfacet

 facet normal 0 -1 0
  outer loop
  vertex -4.89023 -84.1693 24.0776
  vertex -3.94929 -84.1693 24.0776
  vertex -5.3607 -84.1693 24.8925
  endloop
 endfacet

 facet normal -0.866025 0 -0.500001
  outer loop
  vertex -5.3607 -84.1693 24.8925
  vertex -4.89023 -85.1732 24.0776
  vertex -5.3607 -85.1732 24.8925
  endloop
 endfacet

 facet normal -0.866025 0 -0.500001
  outer loop
  vertex -4.89023 -85.1732 24.0776
  vertex -5.3607 -84.1693 24.8925
  vertex -4.89023 -84.1693 24.0776
  endloop
 endfacet

 facet normal 0.866025 0 0.500001
  outer loop
  vertex -4.89023 -84.1693 24.0776
  vertex -5.3607 -84.1693 24.8925
  vertex -4.89023 -85.1732 24.0776
  endloop
 endfacet

 facet normal 0.866025 0 0.500001
  outer loop
  vertex -5.3607 -85.1732 24.8925
  vertex -4.89023 -85.1732 24.0776
  vertex -5.3607 -84.1693 24.8925
  endloop
 endfacet

 facet normal 0 -1 0
  outer loop
  vertex -3.94929 -85.1732 24.0776
  vertex -5.3607 -85.1732 24.8925
  vertex -4.89023 -85.1732 24.0776
  endloop
 endfacet

 facet normal 0 -1 0
  outer loop
  vertex -5.3607 -85.1732 24.8925
  vertex -3.94929 -85.1732 24.0776
  vertex -3.47881 -85.1732 24.8925
  endloop
 endfacet

 facet normal 0 -1 0
  outer loop
  vertex -5.3607 -85.1732 24.8925
  vertex -3.47881 -85.1732 24.8925
  vertex -3.94929 -85.1732 25.7074
  endloop
 endfacet

 facet normal 0 -1 0
  outer loop
  vertex -5.3607 -85.1732 24.8925
  vertex -3.94929 -85.1732 25.7074
  vertex -4.89023 -85.1732 25.7074
  endloop
 endfacet

 facet normal 0 1 0
  outer loop
  vertex -4.89023 -85.1732 25.7074
  vertex -3.94929 -85.1732 25.7074
  vertex -5.3607 -85.1732 24.8925
  endloop
 endfacet

 facet normal 0 1 0
  outer loop
  vertex -3.94929 -85.1732 25.7074
  vertex -3.47881 -85.1732 24.8925
  vertex -5.3607 -85.1732 24.8925
  endloop
 endfacet

 facet normal 0 1 0
  outer loop
  vertex -3.47881 -85.1732 24.8925
  vertex -3.94929 -85.1732 24.0776
  vertex -5.3607 -85.1732 24.8925
  endloop
 endfacet

 facet normal 0 1 0
  outer loop
  vertex -4.89023 -85.1732 24.0776
  vertex -5.3607 -85.1732 24.8925
  vertex -3.94929 -85.1732 24.0776
  endloop
 endfacet

 facet normal 0 0 1
  outer loop
  vertex -3.94929 -85.1732 25.7074
  vertex -4.89023 -84.1693 25.7074
  vertex -4.89023 -85.1732 25.7074
  endloop
 endfacet

 facet normal 0 0 1
  outer loop
  vertex -4.89023 -84.1693 25.7074
  vertex -3.94929 -85.1732 25.7074
  vertex -3.94929 -84.1693 25.7074
  endloop
 endfacet

 facet normal 0 0 -1
  outer loop
  vertex -3.94929 -84.1693 25.7074
  vertex -3.94929 -85.1732 25.7074
  vertex -4.89023 -84.1693 25.7074
  endloop
 endfacet

 facet normal 0 0 -1
  outer loop
  vertex -4.89023 -85.1732 25.7074
  vertex -4.89023 -84.1693 25.7074
  vertex -3.94929 -85.1732 25.7074
  endloop
 endfacet

 facet normal 0.866025 0 0.500001
  outer loop
  vertex -3.47881 -84.1693 24.8925
  vertex -3.94929 -85.1732 25.7074
  vertex -3.47881 -85.1732 24.8925
  endloop
 endfacet

 facet normal 0.866025 0 0.500001
  outer loop
  vertex -3.94929 -85.1732 25.7074
  vertex -3.47881 -84.1693 24.8925
  vertex -3.94929 -84.1693 25.7074
  endloop
 endfacet

 facet normal -0.866025 0 -0.500001
  outer loop
  vertex -3.94929 -84.1693 25.7074
  vertex -3.47881 -84.1693 24.8925
  vertex -3.94929 -85.1732 25.7074
  endloop
 endfacet

 facet normal -0.866025 0 -0.500001
  outer loop
  vertex -3.47881 -85.1732 24.8925
  vertex -3.94929 -85.1732 25.7074
  vertex -3.47881 -84.1693 24.8925
  endloop
 endfacet

 facet normal 0.866025 0 -0.500001
  outer loop
  vertex -3.94929 -84.1693 24.0776
  vertex -3.47881 -85.1732 24.8925
  vertex -3.94929 -85.1732 24.0776
  endloop
 endfacet

 facet normal 0.866025 0 -0.500001
  outer loop
  vertex -3.47881 -85.1732 24.8925
  vertex -3.94929 -84.1693 24.0776
  vertex -3.47881 -84.1693 24.8925
  endloop
 endfacet

 facet normal -0.866025 0 0.500001
  outer loop
  vertex -3.47881 -84.1693 24.8925
  vertex -3.94929 -84.1693 24.0776
  vertex -3.47881 -85.1732 24.8925
  endloop
 endfacet

 facet normal -0.866025 0 0.500001
  outer loop
  vertex -3.94929 -85.1732 24.0776
  vertex -3.47881 -85.1732 24.8925
  vertex -3.94929 -84.1693 24.0776
  endloop
 endfacet

 facet normal 0 0 -1
  outer loop
  vertex -3.94929 -84.1693 24.0776
  vertex -4.89023 -85.1732 24.0776
  vertex -4.89023 -84.1693 24.0776
  endloop
 endfacet

 facet normal 0 0 -1
  outer loop
  vertex -4.89023 -85.1732 24.0776
  vertex -3.94929 -84.1693 24.0776
  vertex -3.94929 -85.1732 24.0776
  endloop
 endfacet

 facet normal 0 0 1
  outer loop
  vertex -3.94929 -85.1732 24.0776
  vertex -3.94929 -84.1693 24.0776
  vertex -4.89023 -85.1732 24.0776
  endloop
 endfacet

 facet normal 0 0 1
  outer loop
  vertex -4.89023 -84.1693 24.0776
  vertex -4.89023 -85.1732 24.0776
  vertex -3.94929 -84.1693 24.0776
  endloop
 endfacet

 facet normal 0.866025 0 0.500001
  outer loop
  vertex 4.89023 -85.1732 25.7074
  vertex 5.3607 -84.1693 24.8925
  vertex 4.89023 -84.1693 25.7074
  endloop
 endfacet

 facet normal 0.866025 0 0.500001
  outer loop
  vertex 5.3607 -84.1693 24.8925
  vertex 4.89023 -85.1732 25.7074
  vertex 5.3607 -85.1732 24.8925
  endloop
 endfacet

 facet normal -0.866025 0 -0.500001
  outer loop
  vertex 5.3607 -85.1732 24.8925
  vertex 4.89023 -85.1732 25.7074
  vertex 5.3607 -84.1693 24.8925
  endloop
 endfacet

 facet normal -0.866025 0 -0.500001
  outer loop
  vertex 4.89023 -84.1693 25.7074
  vertex 5.3607 -84.1693 24.8925
  vertex 4.89023 -85.1732 25.7074
  endloop
 endfacet

 facet normal 0 -1 0
  outer loop
  vertex 5.3607 -85.1732 24.8925
  vertex 3.94928 -85.1732 24.0776
  vertex 4.89023 -85.1732 24.0776
  endloop
 endfacet

 facet normal 0 -1 0
  outer loop
  vertex 3.94928 -85.1732 24.0776
  vertex 5.3607 -85.1732 24.8925
  vertex 3.47881 -85.1732 24.8925
  endloop
 endfacet

 facet normal 0 -1 0
  outer loop
  vertex 3.47881 -85.1732 24.8925
  vertex 5.3607 -85.1732 24.8925
  vertex 4.89023 -85.1732 25.7074
  endloop
 endfacet

 facet normal 0 -1 0
  outer loop
  vertex 3.47881 -85.1732 24.8925
  vertex 4.89023 -85.1732 25.7074
  vertex 3.94928 -85.1732 25.7074
  endloop
 endfacet

 facet normal 0 1 0
  outer loop
  vertex 3.94928 -85.1732 25.7074
  vertex 4.89023 -85.1732 25.7074
  vertex 3.47881 -85.1732 24.8925
  endloop
 endfacet

 facet normal 0 1 0
  outer loop
  vertex 4.89023 -85.1732 25.7074
  vertex 5.3607 -85.1732 24.8925
  vertex 3.47881 -85.1732 24.8925
  endloop
 endfacet

 facet normal 0 1 0
  outer loop
  vertex 3.47881 -85.1732 24.8925
  vertex 5.3607 -85.1732 24.8925
  vertex 3.94928 -85.1732 24.0776
  endloop
 endfacet

 facet normal 0 1 0
  outer loop
  vertex 4.89023 -85.1732 24.0776
  vertex 3.94928 -85.1732 24.0776
  vertex 5.3607 -85.1732 24.8925
  endloop
 endfacet

 facet normal 0.866025 0 -0.500001
  outer loop
  vertex 5.3607 -85.1732 24.8925
  vertex 4.89023 -84.1693 24.0776
  vertex 5.3607 -84.1693 24.8925
  endloop
 endfacet

 facet normal 0.866025 0 -0.500001
  outer loop
  vertex 4.89023 -84.1693 24.0776
  vertex 5.3607 -85.1732 24.8925
  vertex 4.89023 -85.1732 24.0776
  endloop
 endfacet

 facet normal -0.866025 0 0.500001
  outer loop
  vertex 4.89023 -85.1732 24.0776
  vertex 5.3607 -85.1732 24.8925
  vertex 4.89023 -84.1693 24.0776
  endloop
 endfacet

 facet normal -0.866025 0 0.500001
  outer loop
  vertex 5.3607 -84.1693 24.8925
  vertex 4.89023 -84.1693 24.0776
  vertex 5.3607 -85.1732 24.8925
  endloop
 endfacet

 facet normal 0 1 0
  outer loop
  vertex 3.94928 -84.1693 24.0776
  vertex 5.3607 -84.1693 24.8925
  vertex 4.89023 -84.1693 24.0776
  endloop
 endfacet

 facet normal 0 1 0
  outer loop
  vertex 5.3607 -84.1693 24.8925
  vertex 3.94928 -84.1693 24.0776
  vertex 3.47881 -84.1693 24.8925
  endloop
 endfacet

 facet normal 0 1 0
  outer loop
  vertex 5.3607 -84.1693 24.8925
  vertex 3.47881 -84.1693 24.8925
  vertex 3.94928 -84.1693 25.7074
  endloop
 endfacet

 facet normal 0 1 0
  outer loop
  vertex 5.3607 -84.1693 24.8925
  vertex 3.94928 -84.1693 25.7074
  vertex 4.89023 -84.1693 25.7074
  endloop
 endfacet

 facet normal 0 -1 0
  outer loop
  vertex 4.89023 -84.1693 25.7074
  vertex 3.94928 -84.1693 25.7074
  vertex 5.3607 -84.1693 24.8925
  endloop
 endfacet

 facet normal 0 -1 0
  outer loop
  vertex 3.94928 -84.1693 25.7074
  vertex 3.47881 -84.1693 24.8925
  vertex 5.3607 -84.1693 24.8925
  endloop
 endfacet

 facet normal 0 -1 0
  outer loop
  vertex 3.47881 -84.1693 24.8925
  vertex 3.94928 -84.1693 24.0776
  vertex 5.3607 -84.1693 24.8925
  endloop
 endfacet

 facet normal 0 -1 0
  outer loop
  vertex 4.89023 -84.1693 24.0776
  vertex 5.3607 -84.1693 24.8925
  vertex 3.94928 -84.1693 24.0776
  endloop
 endfacet

 facet normal 0 0 1
  outer loop
  vertex 3.94928 -84.1693 25.7074
  vertex 4.89023 -85.1732 25.7074
  vertex 4.89023 -84.1693 25.7074
  endloop
 endfacet

 facet normal 0 0 1
  outer loop
  vertex 4.89023 -85.1732 25.7074
  vertex 3.94928 -84.1693 25.7074
  vertex 3.94928 -85.1732 25.7074
  endloop
 endfacet

 facet normal 0 0 -1
  outer loop
  vertex 3.94928 -85.1732 25.7074
  vertex 3.94928 -84.1693 25.7074
  vertex 4.89023 -85.1732 25.7074
  endloop
 endfacet

 facet normal 0 0 -1
  outer loop
  vertex 4.89023 -84.1693 25.7074
  vertex 4.89023 -85.1732 25.7074
  vertex 3.94928 -84.1693 25.7074
  endloop
 endfacet

 facet normal -0.866025 0 0.500001
  outer loop
  vertex 3.47881 -85.1732 24.8925
  vertex 3.94928 -84.1693 25.7074
  vertex 3.47881 -84.1693 24.8925
  endloop
 endfacet

 facet normal -0.866025 0 0.500001
  outer loop
  vertex 3.94928 -84.1693 25.7074
  vertex 3.47881 -85.1732 24.8925
  vertex 3.94928 -85.1732 25.7074
  endloop
 endfacet

 facet normal 0.866025 0 -0.500001
  outer loop
  vertex 3.94928 -85.1732 25.7074
  vertex 3.47881 -85.1732 24.8925
  vertex 3.94928 -84.1693 25.7074
  endloop
 endfacet

 facet normal 0.866025 0 -0.500001
  outer loop
  vertex 3.47881 -84.1693 24.8925
  vertex 3.94928 -84.1693 25.7074
  vertex 3.47881 -85.1732 24.8925
  endloop
 endfacet

 facet normal -0.866025 0 -0.500001
  outer loop
  vertex 3.94928 -85.1732 24.0776
  vertex 3.47881 -84.1693 24.8925
  vertex 3.94928 -84.1693 24.0776
  endloop
 endfacet

 facet normal -0.866025 0 -0.500001
  outer loop
  vertex 3.47881 -84.1693 24.8925
  vertex 3.94928 -85.1732 24.0776
  vertex 3.47881 -85.1732 24.8925
  endloop
 endfacet

 facet normal 0.866025 0 0.500001
  outer loop
  vertex 3.47881 -85.1732 24.8925
  vertex 3.94928 -85.1732 24.0776
  vertex 3.47881 -84.1693 24.8925
  endloop
 endfacet

 facet normal 0.866025 0 0.500001
  outer loop
  vertex 3.94928 -84.1693 24.0776
  vertex 3.47881 -84.1693 24.8925
  vertex 3.94928 -85.1732 24.0776
  endloop
 endfacet

 facet normal 0 0 -1
  outer loop
  vertex 3.94928 -85.1732 24.0776
  vertex 4.89023 -84.1693 24.0776
  vertex 4.89023 -85.1732 24.0776
  endloop
 endfacet

 facet normal 0 0 -1
  outer loop
  vertex 4.89023 -84.1693 24.0776
  vertex 3.94928 -85.1732 24.0776
  vertex 3.94928 -84.1693 24.0776
  endloop
 endfacet

 facet normal 0 0 1
  outer loop
  vertex 3.94928 -84.1693 24.0776
  vertex 3.94928 -85.1732 24.0776
  vertex 4.89023 -84.1693 24.0776
  endloop
 endfacet

 facet normal 0 0 1
  outer loop
  vertex 4.89023 -85.1732 24.0776
  vertex 4.89023 -84.1693 24.0776
  vertex 3.94928 -85.1732 24.0776
  endloop
 endfacet

 facet normal -0.130524 0 0.991445
  outer loop
  vertex 1.52588e-05 -101.377 31.9594
  vertex -0.375992 -99.8143 31.9099
  vertex -0.375992 -101.377 31.9099
  endloop
 endfacet

 facet normal -0.130524 0 0.991445
  outer loop
  vertex -0.375992 -99.8143 31.9099
  vertex 1.52588e-05 -101.377 31.9594
  vertex 1.52588e-05 -99.8143 31.9594
  endloop
 endfacet

 facet normal 0.130524 0 -0.991445
  outer loop
  vertex 1.52588e-05 -99.8143 31.9594
  vertex 1.52588e-05 -101.377 31.9594
  vertex -0.375992 -99.8143 31.9099
  endloop
 endfacet

 facet normal 0.130524 0 -0.991445
  outer loop
  vertex -0.375992 -101.377 31.9099
  vertex -0.375992 -99.8143 31.9099
  vertex 1.52588e-05 -101.377 31.9594
  endloop
 endfacet

 facet normal 0.130529 0 0.991444
  outer loop
  vertex 0.376007 -101.377 31.9099
  vertex 1.52588e-05 -99.8143 31.9594
  vertex 1.52588e-05 -101.377 31.9594
  endloop
 endfacet

 facet normal 0.130529 0 0.991444
  outer loop
  vertex 1.52588e-05 -99.8143 31.9594
  vertex 0.376007 -101.377 31.9099
  vertex 0.376007 -99.8143 31.9099
  endloop
 endfacet

 facet normal -0.130529 0 -0.991444
  outer loop
  vertex 0.376007 -99.8143 31.9099
  vertex 0.376007 -101.377 31.9099
  vertex 1.52588e-05 -99.8143 31.9594
  endloop
 endfacet

 facet normal -0.130529 0 -0.991444
  outer loop
  vertex 1.52588e-05 -101.377 31.9594
  vertex 1.52588e-05 -99.8143 31.9594
  vertex 0.376007 -101.377 31.9099
  endloop
 endfacet

 facet normal 0 1 0
  outer loop
  vertex -0.375992 -99.8143 29.1034
  vertex 0.376007 -99.8143 29.1034
  vertex 1.52588e-05 -99.8143 29.0539
  endloop
 endfacet

 facet normal 0 1 0
  outer loop
  vertex 0.376007 -99.8143 29.1034
  vertex -0.375992 -99.8143 29.1034
  vertex -0.726364 -99.8143 29.2485
  endloop
 endfacet

 facet normal 0 1 0
  outer loop
  vertex 0.376007 -99.8143 29.1034
  vertex -0.726364 -99.8143 29.2485
  vertex 0.726395 -99.8143 29.2485
  endloop
 endfacet

 facet normal 0 1 0
  outer loop
  vertex 0.726395 -99.8143 29.2485
  vertex -0.726364 -99.8143 29.2485
  vertex -1.02724 -99.8143 29.4794
  endloop
 endfacet

 facet normal 0 1 0
  outer loop
  vertex 0.726395 -99.8143 29.2485
  vertex -1.02724 -99.8143 29.4794
  vertex 1.02727 -99.8143 29.4794
  endloop
 endfacet

 facet normal 0 1 0
  outer loop
  vertex 1.02727 -99.8143 29.4794
  vertex -1.02724 -99.8143 29.4794
  vertex -1.25812 -99.8143 29.7803
  endloop
 endfacet

 facet normal 0 1 0
  outer loop
  vertex 1.02727 -99.8143 29.4794
  vertex -1.25812 -99.8143 29.7803
  vertex 1.25813 -99.8143 29.7803
  endloop
 endfacet

 facet normal 0 1 0
  outer loop
  vertex 1.25813 -99.8143 29.7803
  vertex -1.25812 -99.8143 29.7803
  vertex -1.40324 -99.8143 30.1307
  endloop
 endfacet

 facet normal 0 1 0
  outer loop
  vertex 1.25813 -99.8143 29.7803
  vertex -1.40324 -99.8143 30.1307
  vertex 1.40327 -99.8143 30.1307
  endloop
 endfacet

 facet normal 0 1 0
  outer loop
  vertex 1.40327 -99.8143 30.1307
  vertex -1.40324 -99.8143 30.1307
  vertex -1.45274 -99.8143 30.5067
  endloop
 endfacet

 facet normal 0 1 0
  outer loop
  vertex 1.40327 -99.8143 30.1307
  vertex -1.45274 -99.8143 30.5067
  vertex 1.45277 -99.8143 30.5067
  endloop
 endfacet

 facet normal 0 1 0
  outer loop
  vertex 1.45277 -99.8143 30.5067
  vertex -1.45274 -99.8143 30.5067
  vertex 1.40327 -99.8143 30.8827
  endloop
 endfacet

 facet normal 0 1 0
  outer loop
  vertex 1.40327 -99.8143 30.8827
  vertex -1.45274 -99.8143 30.5067
  vertex -1.40324 -99.8143 30.8827
  endloop
 endfacet

 facet normal 0 1 0
  outer loop
  vertex 1.40327 -99.8143 30.8827
  vertex -1.40324 -99.8143 30.8827
  vertex 1.25813 -99.8143 31.233
  endloop
 endfacet

 facet normal 0 1 0
  outer loop
  vertex 1.25813 -99.8143 31.233
  vertex -1.40324 -99.8143 30.8827
  vertex -1.25812 -99.8143 31.233
  endloop
 endfacet

 facet normal 0 1 0
  outer loop
  vertex 1.25813 -99.8143 31.233
  vertex -1.25812 -99.8143 31.233
  vertex -1.02724 -99.8143 31.5339
  endloop
 endfacet

 facet normal 0 1 0
  outer loop
  vertex 1.25813 -99.8143 31.233
  vertex -1.02724 -99.8143 31.5339
  vertex 1.02727 -99.8143 31.5339
  endloop
 endfacet

 facet normal 0 1 0
  outer loop
  vertex 1.02727 -99.8143 31.5339
  vertex -1.02724 -99.8143 31.5339
  vertex 0.726395 -99.8143 31.7648
  endloop
 endfacet

 facet normal 0 1 0
  outer loop
  vertex 0.726395 -99.8143 31.7648
  vertex -1.02724 -99.8143 31.5339
  vertex -0.726364 -99.8143 31.7648
  endloop
 endfacet

 facet normal 0 1 0
  outer loop
  vertex 0.726395 -99.8143 31.7648
  vertex -0.726364 -99.8143 31.7648
  vertex -0.375992 -99.8143 31.9099
  endloop
 endfacet

 facet normal 0 1 0
  outer loop
  vertex 0.726395 -99.8143 31.7648
  vertex -0.375992 -99.8143 31.9099
  vertex 0.376007 -99.8143 31.9099
  endloop
 endfacet

 facet normal 0 1 0
  outer loop
  vertex 0.376007 -99.8143 31.9099
  vertex -0.375992 -99.8143 31.9099
  vertex 1.52588e-05 -99.8143 31.9594
  endloop
 endfacet

 facet normal 0 -1 0
  outer loop
  vertex 1.52588e-05 -99.8143 31.9594
  vertex -0.375992 -99.8143 31.9099
  vertex 0.376007 -99.8143 31.9099
  endloop
 endfacet

 facet normal 0 -1 0
  outer loop
  vertex 0.376007 -99.8143 31.9099
  vertex -0.375992 -99.8143 31.9099
  vertex 0.726395 -99.8143 31.7648
  endloop
 endfacet

 facet normal 0 -1 0
  outer loop
  vertex -0.375992 -99.8143 31.9099
  vertex -0.726364 -99.8143 31.7648
  vertex 0.726395 -99.8143 31.7648
  endloop
 endfacet

 facet normal 0 -1 0
  outer loop
  vertex -0.726364 -99.8143 31.7648
  vertex -1.02724 -99.8143 31.5339
  vertex 0.726395 -99.8143 31.7648
  endloop
 endfacet

 facet normal 0 -1 0
  outer loop
  vertex 0.726395 -99.8143 31.7648
  vertex -1.02724 -99.8143 31.5339
  vertex 1.02727 -99.8143 31.5339
  endloop
 endfacet

 facet normal 0 -1 0
  outer loop
  vertex 1.02727 -99.8143 31.5339
  vertex -1.02724 -99.8143 31.5339
  vertex 1.25813 -99.8143 31.233
  endloop
 endfacet

 facet normal 0 -1 0
  outer loop
  vertex -1.02724 -99.8143 31.5339
  vertex -1.25812 -99.8143 31.233
  vertex 1.25813 -99.8143 31.233
  endloop
 endfacet

 facet normal 0 -1 0
  outer loop
  vertex -1.25812 -99.8143 31.233
  vertex -1.40324 -99.8143 30.8827
  vertex 1.25813 -99.8143 31.233
  endloop
 endfacet

 facet normal 0 -1 0
  outer loop
  vertex 1.25813 -99.8143 31.233
  vertex -1.40324 -99.8143 30.8827
  vertex 1.40327 -99.8143 30.8827
  endloop
 endfacet

 facet normal 0 -1 0
  outer loop
  vertex -1.40324 -99.8143 30.8827
  vertex -1.45274 -99.8143 30.5067
  vertex 1.40327 -99.8143 30.8827
  endloop
 endfacet

 facet normal 0 -1 0
  outer loop
  vertex 1.40327 -99.8143 30.8827
  vertex -1.45274 -99.8143 30.5067
  vertex 1.45277 -99.8143 30.5067
  endloop
 endfacet

 facet normal 0 -1 0
  outer loop
  vertex 1.45277 -99.8143 30.5067
  vertex -1.45274 -99.8143 30.5067
  vertex 1.40327 -99.8143 30.1307
  endloop
 endfacet

 facet normal 0 -1 0
  outer loop
  vertex -1.45274 -99.8143 30.5067
  vertex -1.40324 -99.8143 30.1307
  vertex 1.40327 -99.8143 30.1307
  endloop
 endfacet

 facet normal 0 -1 0
  outer loop
  vertex 1.40327 -99.8143 30.1307
  vertex -1.40324 -99.8143 30.1307
  vertex 1.25813 -99.8143 29.7803
  endloop
 endfacet

 facet normal 0 -1 0
  outer loop
  vertex -1.40324 -99.8143 30.1307
  vertex -1.25812 -99.8143 29.7803
  vertex 1.25813 -99.8143 29.7803
  endloop
 endfacet

 facet normal 0 -1 0
  outer loop
  vertex 1.25813 -99.8143 29.7803
  vertex -1.25812 -99.8143 29.7803
  vertex 1.02727 -99.8143 29.4794
  endloop
 endfacet

 facet normal 0 -1 0
  outer loop
  vertex -1.25812 -99.8143 29.7803
  vertex -1.02724 -99.8143 29.4794
  vertex 1.02727 -99.8143 29.4794
  endloop
 endfacet

 facet normal 0 -1 0
  outer loop
  vertex 1.02727 -99.8143 29.4794
  vertex -1.02724 -99.8143 29.4794
  vertex 0.726395 -99.8143 29.2485
  endloop
 endfacet

 facet normal 0 -1 0
  outer loop
  vertex -1.02724 -99.8143 29.4794
  vertex -0.726364 -99.8143 29.2485
  vertex 0.726395 -99.8143 29.2485
  endloop
 endfacet

 facet normal 0 -1 0
  outer loop
  vertex 0.726395 -99.8143 29.2485
  vertex -0.726364 -99.8143 29.2485
  vertex 0.376007 -99.8143 29.1034
  endloop
 endfacet

 facet normal 0 -1 0
  outer loop
  vertex -0.726364 -99.8143 29.2485
  vertex -0.375992 -99.8143 29.1034
  vertex 0.376007 -99.8143 29.1034
  endloop
 endfacet

 facet normal 0 -1 0
  outer loop
  vertex 1.52588e-05 -99.8143 29.0539
  vertex 0.376007 -99.8143 29.1034
  vertex -0.375992 -99.8143 29.1034
  endloop
 endfacet

 facet normal -0.382686 0 0.923878
  outer loop
  vertex -0.375992 -101.377 31.9099
  vertex -0.726364 -99.8143 31.7648
  vertex -0.726364 -101.377 31.7648
  endloop
 endfacet

 facet normal -0.382686 0 0.923878
  outer loop
  vertex -0.726364 -99.8143 31.7648
  vertex -0.375992 -101.377 31.9099
  vertex -0.375992 -99.8143 31.9099
  endloop
 endfacet

 facet normal 0.382686 0 -0.923878
  outer loop
  vertex -0.375992 -99.8143 31.9099
  vertex -0.375992 -101.377 31.9099
  vertex -0.726364 -99.8143 31.7648
  endloop
 endfacet

 facet normal 0.382686 0 -0.923878
  outer loop
  vertex -0.726364 -101.377 31.7648
  vertex -0.726364 -99.8143 31.7648
  vertex -0.375992 -101.377 31.9099
  endloop
 endfacet

 facet normal -0.127645 -0.208889 0.969573
  outer loop
  vertex -0.365768 -101.561 31.8718
  vertex 1.52588e-05 -101.377 31.9594
  vertex -0.375992 -101.377 31.9099
  endloop
 endfacet

 facet normal -0.127644 -0.20889 0.969573
  outer loop
  vertex 1.52588e-05 -101.377 31.9594
  vertex -0.365768 -101.561 31.8718
  vertex 1.52588e-05 -101.561 31.9199
  endloop
 endfacet

 facet normal 0.127643 0.208892 -0.969573
  outer loop
  vertex 1.52588e-05 -101.561 31.9199
  vertex -0.365768 -101.561 31.8718
  vertex 1.52588e-05 -101.377 31.9594
  endloop
 endfacet

 facet normal 0.127643 0.208891 -0.969573
  outer loop
  vertex -0.375992 -101.377 31.9099
  vertex 1.52588e-05 -101.377 31.9594
  vertex -0.365768 -101.561 31.8718
  endloop
 endfacet

 facet normal 0.382672 0 0.923884
  outer loop
  vertex 0.726395 -101.377 31.7648
  vertex 0.376007 -99.8143 31.9099
  vertex 0.376007 -101.377 31.9099
  endloop
 endfacet

 facet normal 0.382672 0 0.923884
  outer loop
  vertex 0.376007 -99.8143 31.9099
  vertex 0.726395 -101.377 31.7648
  vertex 0.726395 -99.8143 31.7648
  endloop
 endfacet

 facet normal -0.382672 0 -0.923884
  outer loop
  vertex 0.726395 -99.8143 31.7648
  vertex 0.726395 -101.377 31.7648
  vertex 0.376007 -99.8143 31.9099
  endloop
 endfacet

 facet normal -0.382672 0 -0.923884
  outer loop
  vertex 0.376007 -101.377 31.9099
  vertex 0.376007 -99.8143 31.9099
  vertex 0.726395 -101.377 31.7648
  endloop
 endfacet

 facet normal 0.12765 -0.208892 0.969572
  outer loop
  vertex 1.52588e-05 -101.561 31.9199
  vertex 0.376007 -101.377 31.9099
  vertex 1.52588e-05 -101.377 31.9594
  endloop
 endfacet

 facet normal 0.127649 -0.208891 0.969572
  outer loop
  vertex 0.376007 -101.377 31.9099
  vertex 1.52588e-05 -101.561 31.9199
  vertex 0.365784 -101.561 31.8718
  endloop
 endfacet

 facet normal -0.127648 0.208889 -0.969573
  outer loop
  vertex 0.365784 -101.561 31.8718
  vertex 1.52588e-05 -101.561 31.9199
  vertex 0.376007 -101.377 31.9099
  endloop
 endfacet

 facet normal -0.127649 0.20889 -0.969573
  outer loop
  vertex 1.52588e-05 -101.377 31.9594
  vertex 0.376007 -101.377 31.9099
  vertex 1.52588e-05 -101.561 31.9199
  endloop
 endfacet

 facet normal 0.92387 0 -0.382707
  outer loop
  vertex 1.25813 -99.8143 29.7803
  vertex 1.40327 -101.377 30.1307
  vertex 1.25813 -101.377 29.7803
  endloop
 endfacet

 facet normal 0.92387 0 -0.382707
  outer loop
  vertex 1.40327 -101.377 30.1307
  vertex 1.25813 -99.8143 29.7803
  vertex 1.40327 -99.8143 30.1307
  endloop
 endfacet

 facet normal -0.92387 0 0.382707
  outer loop
  vertex 1.40327 -99.8143 30.1307
  vertex 1.25813 -99.8143 29.7803
  vertex 1.40327 -101.377 30.1307
  endloop
 endfacet

 facet normal -0.92387 0 0.382707
  outer loop
  vertex 1.25813 -101.377 29.7803
  vertex 1.40327 -101.377 30.1307
  vertex 1.25813 -99.8143 29.7803
  endloop
 endfacet

 facet normal 0.793358 0 -0.608755
  outer loop
  vertex 1.02727 -99.8143 29.4794
  vertex 1.25813 -101.377 29.7803
  vertex 1.02727 -101.377 29.4794
  endloop
 endfacet

 facet normal 0.793358 0 -0.608755
  outer loop
  vertex 1.25813 -101.377 29.7803
  vertex 1.02727 -99.8143 29.4794
  vertex 1.25813 -99.8143 29.7803
  endloop
 endfacet

 facet normal -0.793358 0 0.608755
  outer loop
  vertex 1.25813 -99.8143 29.7803
  vertex 1.02727 -99.8143 29.4794
  vertex 1.25813 -101.377 29.7803
  endloop
 endfacet

 facet normal -0.793358 0 0.608755
  outer loop
  vertex 1.02727 -101.377 29.4794
  vertex 1.25813 -101.377 29.7803
  vertex 1.02727 -99.8143 29.4794
  endloop
 endfacet

 facet normal 0.608767 0 -0.793349
  outer loop
  vertex 1.02727 -99.8143 29.4794
  vertex 0.726395 -101.377 29.2485
  vertex 0.726395 -99.8143 29.2485
  endloop
 endfacet

 facet normal 0.608767 0 -0.793349
  outer loop
  vertex 0.726395 -101.377 29.2485
  vertex 1.02727 -99.8143 29.4794
  vertex 1.02727 -101.377 29.4794
  endloop
 endfacet

 facet normal -0.608767 0 0.793349
  outer loop
  vertex 1.02727 -101.377 29.4794
  vertex 1.02727 -99.8143 29.4794
  vertex 0.726395 -101.377 29.2485
  endloop
 endfacet

 facet normal -0.608767 0 0.793349
  outer loop
  vertex 0.726395 -99.8143 29.2485
  vertex 0.726395 -101.377 29.2485
  vertex 1.02727 -99.8143 29.4794
  endloop
 endfacet

 facet normal 0.382672 0 -0.923884
  outer loop
  vertex 0.726395 -99.8143 29.2485
  vertex 0.376007 -101.377 29.1034
  vertex 0.376007 -99.8143 29.1034
  endloop
 endfacet

 facet normal 0.382672 0 -0.923884
  outer loop
  vertex 0.376007 -101.377 29.1034
  vertex 0.726395 -99.8143 29.2485
  vertex 0.726395 -101.377 29.2485
  endloop
 endfacet

 facet normal -0.382672 0 0.923884
  outer loop
  vertex 0.726395 -101.377 29.2485
  vertex 0.726395 -99.8143 29.2485
  vertex 0.376007 -101.377 29.1034
  endloop
 endfacet

 facet normal -0.382672 0 0.923884
  outer loop
  vertex 0.376007 -99.8143 29.1034
  vertex 0.376007 -101.377 29.1034
  vertex 0.726395 -99.8143 29.2485
  endloop
 endfacet

 facet normal 0.130529 0 -0.991444
  outer loop
  vertex 0.376007 -99.8143 29.1034
  vertex 1.52588e-05 -101.377 29.0539
  vertex 1.52588e-05 -99.8143 29.0539
  endloop
 endfacet

 facet normal 0.130529 0 -0.991444
  outer loop
  vertex 1.52588e-05 -101.377 29.0539
  vertex 0.376007 -99.8143 29.1034
  vertex 0.376007 -101.377 29.1034
  endloop
 endfacet

 facet normal -0.130529 0 0.991444
  outer loop
  vertex 0.376007 -101.377 29.1034
  vertex 0.376007 -99.8143 29.1034
  vertex 1.52588e-05 -101.377 29.0539
  endloop
 endfacet

 facet normal -0.130529 0 0.991444
  outer loop
  vertex 1.52588e-05 -99.8143 29.0539
  vertex 1.52588e-05 -101.377 29.0539
  vertex 0.376007 -99.8143 29.1034
  endloop
 endfacet

 facet normal -0.130524 0 -0.991445
  outer loop
  vertex 1.52588e-05 -99.8143 29.0539
  vertex -0.375992 -101.377 29.1034
  vertex -0.375992 -99.8143 29.1034
  endloop
 endfacet

 facet normal -0.130524 0 -0.991445
  outer loop
  vertex -0.375992 -101.377 29.1034
  vertex 1.52588e-05 -99.8143 29.0539
  vertex 1.52588e-05 -101.377 29.0539
  endloop
 endfacet

 facet normal 0.130524 0 0.991445
  outer loop
  vertex 1.52588e-05 -101.377 29.0539
  vertex 1.52588e-05 -99.8143 29.0539
  vertex -0.375992 -101.377 29.1034
  endloop
 endfacet

 facet normal 0.130524 0 0.991445
  outer loop
  vertex -0.375992 -99.8143 29.1034
  vertex -0.375992 -101.377 29.1034
  vertex 1.52588e-05 -99.8143 29.0539
  endloop
 endfacet

 facet normal -0.382686 0 -0.923878
  outer loop
  vertex -0.375992 -99.8143 29.1034
  vertex -0.726364 -101.377 29.2485
  vertex -0.726364 -99.8143 29.2485
  endloop
 endfacet

 facet normal -0.382686 0 -0.923878
  outer loop
  vertex -0.726364 -101.377 29.2485
  vertex -0.375992 -99.8143 29.1034
  vertex -0.375992 -101.377 29.1034
  endloop
 endfacet

 facet normal 0.382686 0 0.923878
  outer loop
  vertex -0.375992 -101.377 29.1034
  vertex -0.375992 -99.8143 29.1034
  vertex -0.726364 -101.377 29.2485
  endloop
 endfacet

 facet normal 0.382686 0 0.923878
  outer loop
  vertex -0.726364 -99.8143 29.2485
  vertex -0.726364 -101.377 29.2485
  vertex -0.375992 -99.8143 29.1034
  endloop
 endfacet

 facet normal -0.608767 0 -0.793349
  outer loop
  vertex -0.726364 -99.8143 29.2485
  vertex -1.02724 -101.377 29.4794
  vertex -1.02724 -99.8143 29.4794
  endloop
 endfacet

 facet normal -0.608767 0 -0.793349
  outer loop
  vertex -1.02724 -101.377 29.4794
  vertex -0.726364 -99.8143 29.2485
  vertex -0.726364 -101.377 29.2485
  endloop
 endfacet

 facet normal 0.608767 0 0.793349
  outer loop
  vertex -0.726364 -101.377 29.2485
  vertex -0.726364 -99.8143 29.2485
  vertex -1.02724 -101.377 29.4794
  endloop
 endfacet

 facet normal 0.608767 0 0.793349
  outer loop
  vertex -1.02724 -99.8143 29.4794
  vertex -1.02724 -101.377 29.4794
  vertex -0.726364 -99.8143 29.2485
  endloop
 endfacet

 facet normal -0.793339 0 -0.60878
  outer loop
  vertex -1.25812 -99.8143 29.7803
  vertex -1.02724 -101.377 29.4794
  vertex -1.25812 -101.377 29.7803
  endloop
 endfacet

 facet normal -0.793339 0 -0.60878
  outer loop
  vertex -1.02724 -101.377 29.4794
  vertex -1.25812 -99.8143 29.7803
  vertex -1.02724 -99.8143 29.4794
  endloop
 endfacet

 facet normal 0.793339 0 0.60878
  outer loop
  vertex -1.02724 -99.8143 29.4794
  vertex -1.25812 -99.8143 29.7803
  vertex -1.02724 -101.377 29.4794
  endloop
 endfacet

 facet normal 0.793339 0 0.60878
  outer loop
  vertex -1.25812 -101.377 29.7803
  vertex -1.02724 -101.377 29.4794
  vertex -1.25812 -99.8143 29.7803
  endloop
 endfacet

 facet normal -0.923884 0 -0.382672
  outer loop
  vertex -1.40324 -99.8143 30.1307
  vertex -1.25812 -101.377 29.7803
  vertex -1.40324 -101.377 30.1307
  endloop
 endfacet

 facet normal -0.923884 0 -0.382672
  outer loop
  vertex -1.25812 -101.377 29.7803
  vertex -1.40324 -99.8143 30.1307
  vertex -1.25812 -99.8143 29.7803
  endloop
 endfacet

 facet normal 0.923884 0 0.382672
  outer loop
  vertex -1.25812 -99.8143 29.7803
  vertex -1.40324 -99.8143 30.1307
  vertex -1.25812 -101.377 29.7803
  endloop
 endfacet

 facet normal 0.923884 0 0.382672
  outer loop
  vertex -1.40324 -101.377 30.1307
  vertex -1.25812 -101.377 29.7803
  vertex -1.40324 -99.8143 30.1307
  endloop
 endfacet

 facet normal -0.991445 0 -0.130522
  outer loop
  vertex -1.45274 -99.8143 30.5067
  vertex -1.40324 -101.377 30.1307
  vertex -1.45274 -101.377 30.5067
  endloop
 endfacet

 facet normal -0.991445 0 -0.130522
  outer loop
  vertex -1.40324 -101.377 30.1307
  vertex -1.45274 -99.8143 30.5067
  vertex -1.40324 -99.8143 30.1307
  endloop
 endfacet

 facet normal 0.991445 0 0.130522
  outer loop
  vertex -1.40324 -99.8143 30.1307
  vertex -1.45274 -99.8143 30.5067
  vertex -1.40324 -101.377 30.1307
  endloop
 endfacet

 facet normal 0.991445 0 0.130522
  outer loop
  vertex -1.45274 -101.377 30.5067
  vertex -1.40324 -101.377 30.1307
  vertex -1.45274 -99.8143 30.5067
  endloop
 endfacet

 facet normal -0.991446 0 0.130521
  outer loop
  vertex -1.40324 -99.8143 30.8827
  vertex -1.45274 -101.377 30.5067
  vertex -1.40324 -101.377 30.8827
  endloop
 endfacet

 facet normal -0.991446 0 0.130521
  outer loop
  vertex -1.45274 -101.377 30.5067
  vertex -1.40324 -99.8143 30.8827
  vertex -1.45274 -99.8143 30.5067
  endloop
 endfacet

 facet normal 0.991446 0 -0.130521
  outer loop
  vertex -1.45274 -99.8143 30.5067
  vertex -1.40324 -99.8143 30.8827
  vertex -1.45274 -101.377 30.5067
  endloop
 endfacet

 facet normal 0.991446 0 -0.130521
  outer loop
  vertex -1.40324 -101.377 30.8827
  vertex -1.45274 -101.377 30.5067
  vertex -1.40324 -99.8143 30.8827
  endloop
 endfacet

 facet normal -0.923884 0 0.382672
  outer loop
  vertex -1.25812 -99.8143 31.233
  vertex -1.40324 -101.377 30.8827
  vertex -1.25812 -101.377 31.233
  endloop
 endfacet

 facet normal -0.923884 0 0.382672
  outer loop
  vertex -1.40324 -101.377 30.8827
  vertex -1.25812 -99.8143 31.233
  vertex -1.40324 -99.8143 30.8827
  endloop
 endfacet

 facet normal 0.923884 0 -0.382672
  outer loop
  vertex -1.40324 -99.8143 30.8827
  vertex -1.25812 -99.8143 31.233
  vertex -1.40324 -101.377 30.8827
  endloop
 endfacet

 facet normal 0.923884 0 -0.382672
  outer loop
  vertex -1.25812 -101.377 31.233
  vertex -1.40324 -101.377 30.8827
  vertex -1.25812 -99.8143 31.233
  endloop
 endfacet

 facet normal -0.793339 0 0.60878
  outer loop
